2.2303862053766985
2.066783986955233
1.8219297925155604
1.6080223952234503
1.437782069509285
1.295494630882435
1.1760764948447149
1.0782974310966522
0.9999066164431046
0.9376224677817684
0.887997803761805
0.8479918797093314
0.8151855543017871
0.787765012719104
0.7644103053766019
0.744171082766099
0.7263621157440591
0.7104848936406963
0.6961718287601073
0.6831474981540979
0.6712019542236131
0.6601723433444441
0.6499301771631308
0.6403724408444578
0.631415313305892
0.6229896757182773
0.6150378530798589
0.60751121288833
0.6003683650840704
0.5935737885898097
0.5870967649302798
0.5809105369861768
0.5749916364507287
0.5693193407545067
0.563875231697316
0.5586428355975879
0.5536073297286038
0.5487553030673384
0.5440745615743426
0.5395539697892066
0.5351833217503106
0.5309532352979464
0.526855064778694
0.5228808280617783
0.5190231445985531
0.5152751819860729
0.5116306091190596
0.5080835545234994
0.5046285688624514
0.5012605909014716
0.49797491643253117
0.4947671698003948
0.49163327776969307
0.4885694455303497
0.4855721346744517
0.4826380429984011
0.4797640859963523
0.47694737991851566
0.47418522627354187
0.4714750976594087
0.4688146248124024
0.4662015847696425
0.4636338900467186
0.4611095787385628
0.4586268054583338
0.4561838330359306
0.45377902490422556
0.45141083810754334
0.4490778168730862
0.44677858669157267
0.4445118488589397
0.4422763754357685
0.44007100458581416
0.43789463625922387
0.43574622818985853
0.43362479217964695
0.4315293906461458
0.429459133412061
0.4274131747183163
0.4253907104440953
0.42339097551947374
0.42141324151762594
0.41945681441511895
0.4175210325098191
0.4156052644869103
0.41370890762418283
0.4118313861283896
0.4099721495948177
0.4081306715826356
0.4063064482987783
0.4044989973833224
0.4027078567895133
0.40093258375172136
0.3991727538347161
0.3974279600578337
0.39569781208774296
0.3939819354936992
0.39227997105937573
0.3905915741455309
0.388916414098096
